,NOC,count_target,count_deidentified
0,0,16052,12794
1,2,3661,3180
2,1,3128,5535
3,-1,1818,2768
4,3,1764,1757
5,4,517,504
6,5,221,198
7,6,51,234
8,7,29,167
9,9,12,116
